0	0	0	-41.9139
0.0200401	-1.68262e-16	-1.71436	-36.8958
0.0400802	-2.80902e-16	-2.93887	-28.1911
0.0601202	-3.44548e-16	-3.74958	-22.8641
0.0801603	-3.83747e-16	-4.36395	-18.9612
0.1002	-4.02125e-16	-4.79273	-14.85
0.12024	-4.05236e-16	-5.0731	-12.1498
0.140281	-4.02538e-16	-5.28493	-10.0835
0.160321	-3.93719e-16	-5.41867	-7.81527
0.180361	-3.80113e-16	-5.4855	-6.33497
0.200401	-3.66199e-16	-5.52818	-5.20559
0.220441	-3.50566e-16	-5.53365	-3.85804
0.240481	-3.33246e-16	-5.50452	-3.01437
0.260521	-3.16976e-16	-5.46881	-2.39231
0.280561	-3.00311e-16	-5.41402	-1.55217
0.300601	-2.82947e-16	-5.3395	-1.0632
0.320641	-2.66891e-16	-5.26602	-0.7293
0.340681	-2.50876e-16	-5.18241	-0.185409
0.360721	-2.34497e-16	-5.08664	0.0991817
0.380762	-2.19367e-16	-4.99531	0.265432
0.400802	-2.04404e-16	-4.89866	0.629555
0.420842	-1.89183e-16	-4.794	0.792921
0.440882	-1.75097e-16	-4.69528	0.858786
0.460922	-1.61246e-16	-4.594	1.10976
0.480962	-1.47217e-16	-4.48715	1.20032
0.501002	-1.34254e-16	-4.38684	1.20614
0.521042	-1.21609e-16	-4.28563	1.38489
0.541082	-1.0888e-16	-4.18033	1.43198
0.561122	-9.7171e-17	-4.08172	1.4019
0.581162	-8.58159e-17	-3.98323	1.53346
0.601202	-7.43924e-17	-3.88157	1.55482
0.621242	-6.39117e-17	-3.78649	1.50343
0.641283	-5.38041e-17	-3.69221	1.60331
0.661323	-4.36442e-17	-3.59536	1.60961
0.681363	-3.43556e-17	-3.50487	1.54578
0.701403	-2.54423e-17	-3.4156	1.62396
0.721443	-1.6477e-17	-3.32413	1.62183
0.741483	-8.30641e-18	-3.23872	1.55096
0.761523	-4.94668e-19	-3.1548	1.61359
0.781563	7.3728e-18	-3.06891	1.60661
0.801603	1.44824e-17	-2.98881	1.53133
0.821643	2.11946e-17	-2.91041	1.58191
0.841683	2.79158e-17	-2.83025	1.57218
0.861723	3.38864e-17	-2.75563	1.49498
0.881764	3.94323e-17	-2.68287	1.53771
0.901804	4.49672e-17	-2.60844	1.52838
0.921844	4.97762e-17	-2.53923	1.45149
0.941884	5.4159e-17	-2.47193	1.4885
0.961924	5.85639e-17	-2.40295	1.48014
0.981964	6.234e-17	-2.33886	1.4037
1.002	6.5748e-17	-2.27671	1.43576
1.02204	6.92003e-17	-2.21287	1.42847
1.04208	7.20306e-17	-2.15364	1.35245
1.06212	7.44484e-17	-2.0964	1.38031
1.08216	7.68872e-17	-2.0375	1.37466
1.1022	7.87322e-17	-1.98295	1.29975
1.12224	8.01725e-17	-1.93041	1.32464
1.14228	8.16471e-17	-1.87618	1.32139
1.16232	8.2573e-17	-1.82601	1.24816
1.18236	8.31345e-17	-1.77784	1.27072
1.2024	8.37962e-17	-1.72791	1.26964
1.22244	8.39777e-17	-1.68179	1.1975
1.24248	8.37925e-17	-1.63771	1.2175
1.26253	8.37039e-17	-1.59182	1.21834
1.28257	8.31848e-17	-1.54952	1.14728
1.30261	8.2344e-17	-1.50923	1.16549
1.32265	8.1638e-17	-1.46704	1.16885
1.34269	8.05363e-17	-1.42822	1.09909
1.36273	7.91178e-17	-1.3914	1.11579
1.38277	7.78558e-17	-1.35264	1.12192
1.40281	7.62503e-17	-1.31703	1.05369
1.42285	7.43654e-17	-1.28343	1.06929
1.44289	7.26861e-17	-1.2478	1.07826
1.46293	7.07251e-17	-1.21512	1.01112
1.48297	6.85127e-17	-1.18446	1.02488
1.50301	6.65247e-17	-1.1517	1.03564
1.52305	6.42645e-17	-1.12171	0.968829
1.54309	6.17224e-17	-1.0938	0.981012
1.56313	5.93795e-17	-1.06375	0.994455
1.58317	5.67683e-17	-1.03633	0.928716
1.60321	5.38975e-17	-1.011	0.939645
1.62325	5.1304e-17	-0.983432	0.955425
1.64329	4.85361e-17	-0.958307	0.890055
1.66333	4.55475e-17	-0.935306	0.899616
1.68337	4.28642e-17	-0.909979	0.918291
1.70341	4.0044e-17	-0.886924	0.853927
1.72345	3.70131e-17	-0.866035	0.862689
1.74349	3.42985e-17	-0.842737	0.884527
1.76353	3.14625e-17	-0.821558	0.821018
1.78357	2.84227e-17	-0.802578	0.828984
1.80361	2.57438e-17	-0.781064	0.85393
1.82365	2.2988e-17	-0.761504	0.790219
1.84369	2.00103e-17	-0.744239	0.795796
1.86373	1.7385e-17	-0.724398	0.822854
1.88377	1.47223e-17	-0.706405	0.758785
1.90381	1.18826e-17	-0.690792	0.762592
1.92385	9.44571e-18	-0.672493	0.792612
1.94389	6.98936e-18	-0.655896	0.728564
1.96393	4.32012e-18	-0.641773	0.730921
1.98397	2.04524e-18	-0.624869	0.764214
2.00401	-2.40361e-19	-0.609552	0.699901
2.02405	-2.77666e-18	-0.596861	0.700759
2.04409	-4.94845e-18	-0.581304	0.737883
2.06413	-7.12849e-18	-0.567199	0.673247
2.08417	-9.53188e-18	-0.55583	0.672275
2.10421	-1.14789e-17	-0.541448	0.713275
2.12425	-1.33568e-17	-0.52835	0.647794
2.14429	-1.54708e-17	-0.518115	0.644345
2.16433	-1.71437e-17	-0.504708	0.689178
2.18437	-1.87561e-17	-0.492439	0.622729
2.20441	-2.06418e-17	-0.483225	0.617605
2.22445	-2.20823e-17	-0.470716	0.668227
2.24449	-2.34669e-17	-0.459253	0.601232
2.26453	-2.51877e-17	-0.451117	0.593379
2.28457	-2.6464e-17	-0.439545	0.648773
2.30461	-2.76497e-17	-0.428875	0.579687
2.32465	-2.91762e-17	-0.421781	0.568712
2.34469	-3.01991e-17	-0.411015	0.630307
2.36473	-3.1063e-17	-0.400944	0.559123
2.38477	-3.22886e-17	-0.394739	0.544707
2.40481	-3.30017e-17	-0.384627	0.613763
2.42485	-3.35582e-17	-0.375049	0.540244
2.44489	-3.45673e-17	-0.369729	0.522148
2.46493	-3.50683e-17	-0.360219	0.60028
2.48497	-3.53725e-17	-0.351041	0.523503
2.50501	-3.61723e-17	-0.346587	0.500743
2.52505	-3.64452e-17	-0.337567	0.589788
2.54509	-3.65243e-17	-0.328634	0.507813
2.56513	-3.72259e-17	-0.325052	0.477986
2.58517	-3.73868e-17	-0.316488	0.580661
2.60521	-3.72915e-17	-0.307756	0.492741
2.62525	-3.78932e-17	-0.305185	0.454128
2.64529	-3.78795e-17	-0.297064	0.573319
2.66533	-3.75102e-17	-0.288433	0.475244
2.68537	-3.79408e-17	-0.287027	0.424075
2.70541	-3.76865e-17	-0.27924	0.567161
2.72545	-3.70196e-17	-0.27049	0.457553
2.74549	-3.73809e-17	-0.270482	0.392285
2.76553	-3.69813e-17	-0.262866	0.570941
2.78557	-3.60662e-17	-0.253675	0.438868
2.80561	-3.64953e-17	-0.255608	0.348086
2.82565	-3.59859e-17	-0.247933	0.585112
2.84569	-3.47266e-17	-0.237752	0.417159
2.86573	-3.52744e-17	-0.24273	0.287479
2.88577	-3.4495e-17	-0.234116	0.638366
2.90581	-3.26145e-17	-0.221555	0.385355
2.92585	-3.36579e-17	-0.232983	0.172999
2.94589	-3.23192e-17	-0.220017	0.829146
2.96593	-2.92841e-17	-0.202218	0.213116
2.98597	-3.332e-17	-0.240207	-0.121116
3.00601	-1.97522e-17	-0.116611	5.68362
3.02605	5.31915e-17	0.455004	15.6506
3.04609	1.70835e-16	1.31744	21.5462
3.06613	2.74769e-16	2.09784	22.4805
3.08617	3.35895e-16	2.69713	22.5582
3.10621	3.56112e-16	3.16007	21.907
3.12625	3.37159e-16	3.46452	20.0083
3.14629	2.86854e-16	3.63279	18.31
3.16633	2.19066e-16	3.71904	16.6572
3.18637	1.40436e-16	3.72179	14.5438
3.20641	5.69568e-17	3.6576	12.789
3.22645	-2.33856e-17	3.56178	11.2422
3.24649	-9.83924e-17	3.42981	9.4687
3.26653	-1.66499e-16	3.26918	8.03504
3.28657	-2.24234e-16	3.10301	6.82582
3.30661	-2.72099e-16	2.9245	5.46696
3.32665	-3.10727e-16	2.73598	4.39237
3.34669	-3.38686e-16	2.55378	3.52305
3.36673	-3.57417e-16	2.3705	2.53305
3.38677	-3.68311e-16	2.1858	1.77245
3.40681	-3.70731e-16	2.01215	1.18794
3.42685	-3.66275e-16	1.84238	0.489282
3.44689	-3.56482e-16	1.67475	-0.0289462
3.46693	-3.40959e-16	1.51942	-0.397262
3.48697	-3.21141e-16	1.3698	-0.87685
3.50701	-2.98453e-16	1.22345	-1.21344
3.52705	-2.72514e-16	1.08907	-1.42088
3.54709	-2.44471e-16	0.96074	-1.73948
3.56713	-2.15504e-16	0.835725	-1.94592
3.58717	-1.8511e-16	0.72175	-2.03913
3.60721	-1.5416e-16	0.613569	-2.24267
3.62725	-1.2366e-16	0.508248	-2.35868
3.64729	-9.303e-17	0.412833	-2.37369
3.66733	-6.28956e-17	0.322719	-2.49719
3.68737	-3.41105e-17	0.234859	-2.55223
3.70741	-6.04319e-18	0.155768	-2.51503
3.72745	2.08992e-17	0.08143	-2.58377
3.74749	4.60393e-17	0.00874684	-2.59968
3.76754	7.00536e-17	-0.0562112	-2.53016
3.78758	9.26334e-17	-0.117012	-2.56369
3.80762	1.13152e-16	-0.17683	-2.55712
3.82766	1.32303e-16	-0.22994	-2.46999
3.8477	1.49915e-16	-0.279463	-2.48113
3.86774	1.65456e-16	-0.328584	-2.45945
3.88778	1.79636e-16	-0.371791	-2.35826
3.90782	1.92347e-16	-0.411739	-2.35115
3.92786	2.03093e-16	-0.451628	-2.32014
3.9479	2.126e-16	-0.486195	-2.21291
3.96794	2.20855e-16	-0.517763	-2.197
3.98798	2.27366e-16	-0.549619	-2.16451
4.00802	2.32758e-16	-0.576756	-2.05726
4.02806	2.36952e-16	-0.60121	-2.0379
4.0481	2.39411e-16	-0.62634	-2.00774
4.06814	2.40762e-16	-0.647327	-1.90252
4.08818	2.41018e-16	-0.665887	-1.8805
4.10822	2.39675e-16	-0.685395	-1.85244
4.12826	2.3733e-16	-0.701178	-1.74911
4.1483	2.34005e-16	-0.714676	-1.725
4.16834	2.29223e-16	-0.729305	-1.6998
4.18838	2.23617e-16	-0.740539	-1.60018
4.20842	2.17222e-16	-0.749606	-1.57707
4.22846	2.09441e-16	-0.760055	-1.55729
4.2485	2.00811e-16	-0.767532	-1.46281
4.26854	1.91459e-16	-0.772992	-1.44148
4.28858	1.8087e-16	-0.779977	-1.42677
4.30862	1.69566e-16	-0.78421	-1.33614
4.32866	1.5767e-16	-0.786452	-1.31587
4.3487	1.44674e-16	-0.790388	-1.30626
4.36874	1.31121e-16	-0.791882	-1.21944
4.38878	1.17199e-16	-0.791467	-1.19946
4.40882	1.02417e-16	-0.792867	-1.19354
4.42886	8.72966e-17	-0.792028	-1.10951
4.4489	7.20272e-17	-0.789301	-1.0903
4.46894	5.61004e-17	-0.788522	-1.09002
4.48898	4.00394e-17	-0.785715	-1.01143
4.50902	2.40608e-17	-0.78103	-0.995145
4.52906	7.62344e-18	-0.778449	-1.00053
4.5491	-8.78103e-18	-0.774109	-0.924702
4.56914	-2.48877e-17	-0.767931	-0.907651
4.58918	-4.11698e-17	-0.763944	-0.916367
4.60922	-5.70549e-17	-0.758315	-0.843759
4.62926	-7.22439e-17	-0.750775	-0.828463
4.6493	-8.73245e-17	-0.745518	-0.842339
4.66934	-1.01826e-16	-0.738791	-0.772257
4.68938	-1.15421e-16	-0.730109	-0.756685
4.70942	-1.28695e-16	-0.723794	-0.774094
4.72946	-1.41218e-16	-0.716163	-0.705606
4.7495	-1.52671e-16	-0.706532	-0.689445
4.76954	-1.63647e-16	-0.699353	-0.710403
4.78958	-1.73686e-16	-0.690961	-0.643638
4.80962	-1.82438e-16	-0.680475	-0.628319
4.82966	-1.90594e-16	-0.672584	-0.656024
4.8497	-1.9778e-16	-0.66373	-0.593578
4.86974	-2.03595e-16	-0.652772	-0.578919
4.88978	-2.0871e-16	-0.6445	-0.610926
4.90982	-2.12812e-16	-0.635354	-0.54993
4.92986	-2.15578e-16	-0.623964	-0.534103
4.9499	-2.17768e-16	-0.615341	-0.569443
4.96994	-2.1905e-16	-0.605962	-0.509026
4.98998	-2.18999e-16	-0.594212	-0.491935
5.01002	-2.18399e-16	-0.585353	-0.531017
5.03006	-2.16986e-16	-0.575888	-0.470296
5.0501	-2.1431e-16	-0.563885	-0.450719
5.07014	-2.11132e-16	-0.55482	-0.493967
5.09018	-2.07172e-16	-0.545234	-0.434127
5.11022	-2.02004e-16	-0.532917	-0.413395
5.13026	-1.96528e-16	-0.523641	-0.462553
5.1503	-1.9051e-16	-0.513956	-0.404535
5.17034	-1.83428e-16	-0.501338	-0.382508
5.19038	-1.76175e-16	-0.491911	-0.436264
5.21042	-1.6852e-16	-0.48226	-0.376342
5.23046	-1.5992e-16	-0.469519	-0.349369
5.2505	-1.5135e-16	-0.460195	-0.407776
5.27054	-1.42559e-16	-0.450834	-0.348464
5.29058	-1.32872e-16	-0.438101	-0.319823
5.31062	-1.23303e-16	-0.428924	-0.385514
5.33066	-1.13624e-16	-0.419823	-0.326114
5.3507	-1.03084e-16	-0.406974	-0.294227
5.37074	-9.27975e-17	-0.397864	-0.367736
5.39078	-8.26056e-17	-0.389047	-0.307518
5.41082	-7.16706e-17	-0.376153	-0.270687
5.43086	-6.11711e-17	-0.367272	-0.351952
5.4509	-5.09297e-17	-0.358893	-0.289419
5.47094	-3.99403e-17	-0.34596	-0.246626
5.49098	-2.94714e-17	-0.337342	-0.338045
5.51102	-1.94196e-17	-0.329445	-0.272929
5.53106	-8.67134e-18	-0.316369	-0.223505
5.5511	1.39408e-18	-0.307985	-0.329441
5.57114	1.09061e-17	-0.300654	-0.261855
5.59118	2.12267e-17	-0.287415	-0.201844
5.61122	3.08265e-17	-0.279359	-0.323278
5.63126	3.97542e-17	-0.272736	-0.252171
5.6513	4.95902e-17	-0.259214	-0.181341
5.67134	5.8585e-17	-0.251518	-0.326201
5.69138	6.66932e-17	-0.245731	-0.24955
5.71142	7.57814e-17	-0.231694	-0.159605
5.73146	8.38201e-17	-0.224437	-0.330461
5.7515	9.07629e-17	-0.219732	-0.240481
5.77154	9.90053e-17	-0.204768	-0.126613
5.79158	1.0606e-16	-0.19807	-0.347447
5.81162	1.11747e-16	-0.194922	-0.240076
5.83166	1.19213e-16	-0.178295	-0.0822503
5.8517	1.25232e-16	-0.172452	-0.380185
5.87174	1.29429e-16	-0.171667	-0.232927
5.89178	1.36242e-16	-0.15137	0.0042968
5.91182	1.40929e-16	-0.147478	-0.46898
5.93186	1.4295e-16	-0.15148	-0.216457
5.9519	1.49897e-16	-0.120593	0.215973
5.97194	1.52234e-16	-0.12696	-0.92239
5.99198	1.50641e-16	-0.139393	0.491205
6.01202	1.84152e-16	0.103619	7.49289
6.03206	2.54882e-16	0.611083	13.1015
6.0521	2.91481e-16	1.00919	11.7589
6.07214	2.51194e-16	1.11632	7.77087
6.09218	1.69403e-16	1.07468	4.67442
6.11222	8.80843e-17	0.964954	1.16885
6.13226	2.44547e-17	0.791404	-2.25038
6.1523	-7.69662e-18	0.618591	-4.52669
6.17234	-6.68427e-18	0.466935	-6.66872
6.19238	1.59745e-17	0.317017	-8.56517
6.21242	5.39226e-17	0.194382	-9.59107
6.23246	1.00427e-16	0.102093	-10.4856
6.25251	1.45095e-16	0.0186543	-11.2239
6.27255	1.84669e-16	-0.0416286	-11.3408
6.29259	2.17338e-16	-0.0785772	-11.4047
6.31263	2.38838e-16	-0.110631	-11.421
6.33267	2.50247e-16	-0.127224	-11.0025
6.35271	2.53206e-16	-0.127941	-10.5963
6.37275	2.46436e-16	-0.1281	-10.2207
6.39279	2.3235e-16	-0.118917	-9.5409
6.41283	2.13347e-16	-0.099354	-8.92291
6.43287	1.88798e-16	-0.0823087	-8.39
6.45291	1.60879e-16	-0.0601325	-7.63895
6.47295	1.31675e-16	-0.0312148	-6.97286
6.49299	1.00433e-16	-0.00660793	-6.41776
6.51303	6.87637e-17	0.0205051	-5.69599
6.53307	3.82932e-17	0.0521772	-5.06751
6.55311	8.10408e-18	0.0787827	-4.56386
6.57315	-2.06405e-17	0.106487	-3.92632
6.59319	-4.66906e-17	0.137607	-3.37968
6.61323	-7.11353e-17	0.163486	-2.96145
6.63327	-9.31343e-17	0.189662	-2.42968
6.65331	-1.11619e-16	0.218658	-1.98072
6.67335	-1.27738e-16	0.242583	-1.65719
6.69339	-1.40943e-16	0.266393	-1.23164
6.71343	-1.50327e-16	0.292741	-0.877752
6.73347	-1.57016e-16	0.314365	-0.643975
6.75351	-1.60692e-16	0.335682	-0.316021
6.77355	-1.60743e-16	0.359336	-0.0482876
6.79359	-1.5845e-16	0.378509	0.106177
6.81363	-1.53663e-16	0.397209	0.35005
6.83367	-1.45829e-16	0.418191	0.545897
6.85371	-1.36236e-16	0.435075	0.63869
6.87375	-1.24921e-16	0.451548	0.821537
6.89379	-1.11481e-16	0.470492	0.96757
6.91383	-9.72293e-17	0.485865	1.01454
6.93387	-8.22599e-17	0.50094	1.14591
6.95391	-6.6178e-17	0.518551	1.24683
6.97395	-5.03037e-17	0.532842	1.25221
6.99399	-3.4904e-17	0.546677	1.33943
7.01403	-1.96834e-17	0.562906	1.40464
7.03407	-5.84197e-18	0.575941	1.37916
7.05411	6.56682e-18	0.588416	1.43487
7.07415	1.81341e-17	0.603303	1.47784
7.09419	2.79123e-17	0.615282	1.43432
7.11423	3.5893e-17	0.626704	1.46917
7.13427	4.26884e-17	0.64054	1.49741
7.15431	4.74875e-17	0.651648	1.44159
7.17435	5.04453e-17	0.66216	1.46004
7.19439	5.22884e-17	0.675065	1.47542
7.21443	5.21826e-17	0.685293	1.4084
7.23447	5.02346e-17	0.694698	1.41384
7.25451	4.737e-17	0.706383	1.42162
7.27455	4.30235e-17	0.715552	1.34894
7.29459	3.73393e-17	0.723926	1.34664
7.31463	3.12127e-17	0.734614	1.35074
7.33467	2.41172e-17	0.742841	1.27477
7.35471	1.61968e-17	0.750072	1.26729
7.37475	8.33809e-18	0.759515	1.27142
7.39479	1.29027e-20	0.766582	1.19613
7.41483	-8.70223e-18	0.772596	1.18609
7.43487	-1.69951e-17	0.780809	1.19088
7.45491	-2.54236e-17	0.786711	1.11541
7.47495	-3.39041e-17	0.79147	1.10075
7.49499	-4.15906e-17	0.798435	1.10329
7.51503	-4.9086e-17	0.803131	1.0266
7.53507	-5.64112e-17	0.806509	1.0112
7.55511	-6.27028e-17	0.812047	1.01905
7.57515	-6.84606e-17	0.815459	0.947442
7.59519	-7.36601e-17	0.817594	0.932317
7.61523	-7.75007e-17	0.821989	0.941011
7.63527	-8.0698e-17	0.824328	0.868614
7.65531	-8.34306e-17	0.82524	0.851608
7.67535	-8.48493e-17	0.828398	0.863822
7.69539	-8.55516e-17	0.829607	0.795001
7.71543	-8.57343e-17	0.829332	0.778975
7.73547	-8.45684e-17	0.831315	0.795013
7.75551	-8.2627e-17	0.831392	0.728412
7.77555	-8.00876e-17	0.829903	0.712004
7.79559	-7.60927e-17	0.830732	0.730351
7.81563	-7.12856e-17	0.829691	0.662787
7.83567	-6.59829e-17	0.826877	0.642462
7.85571	-5.93177e-17	0.826348	0.66307
7.87575	-5.18615e-17	0.824073	0.598931
7.89579	-4.39648e-17	0.820038	0.580106
7.91583	-3.48146e-17	0.818413	0.605854
7.93587	-2.50057e-17	0.815148	0.545512
7.95591	-1.48351e-17	0.810068	0.528224
7.97595	-3.34739e-18	0.807532	0.558914
7.99599	8.8455e-18	0.80347	0.501085
8.01603	2.12461e-17	0.797478	0.48471
8.03607	3.47399e-17	0.794119	0.521133
8.05611	4.87767e-17	0.789365	0.465043
8.07615	6.28803e-17	0.782595	0.446189
8.09619	7.78931e-17	0.778539	0.484792
8.11623	9.31277e-17	0.773153	0.428003
8.13627	1.08031e-16	0.765617	0.405339
8.15631	1.23565e-16	0.760889	0.44598
8.17635	1.39081e-16	0.754858	0.389783
8.19639	1.53924e-16	0.746436	0.36752
8.21643	1.69046e-16	0.740855	0.416551
8.23647	1.83793e-16	0.734006	0.364215
8.25651	1.97507e-16	0.724606	0.339912
8.27655	2.11282e-16	0.718264	0.391607
8.29659	2.24469e-16	0.710829	0.337524
8.31663	2.36287e-16	0.700709	0.309455
8.33667	2.4786e-16	0.693864	0.365904
8.35671	2.58482e-16	0.686035	0.311108
8.37675	2.67226e-16	0.675241	0.279469
8.39679	2.75336e-16	0.667878	0.343238
8.41683	2.82225e-16	0.659632	0.290263
8.43687	2.86973e-16	0.64819	0.256582
8.45691	2.90997e-16	0.640497	0.328784
8.47695	2.9372e-16	0.632078	0.274998
8.49699	2.94053e-16	0.620142	0.235703
8.51703	2.93524e-16	0.612297	0.315981
8.53707	2.91595e-16	0.603848	0.258359
8.55711	2.8709e-16	0.591358	0.20965
8.57715	2.81748e-16	0.583267	0.301775
8.59719	2.75024e-16	0.574688	0.244943
8.61723	2.65509e-16	0.561466	0.187829
8.63727	2.55197e-16	0.55313	0.292765
8.65731	2.43638e-16	0.544504	0.231514
8.67735	2.29207e-16	0.530475	0.160929
8.69739	2.14178e-16	0.522	0.286098
8.71743	1.98142e-16	0.51347	0.225918
8.73747	1.79231e-16	0.498509	0.144428
8.75752	1.60221e-16	0.490142	0.297773
8.77756	1.40644e-16	0.481995	0.224584
8.7976	1.18035e-16	0.465735	0.112737
8.81764	9.58646e-17	0.457647	0.312254
8.83768	7.37348e-17	0.450263	0.229822
8.85772	4.83448e-17	0.43211	0.0765961
8.87776	2.42546e-17	0.425057	0.359959
8.8978	9.56766e-19	0.419301	0.243052
8.91784	-2.64402e-17	0.397155	-0.00978038
8.93788	-5.09017e-17	0.393019	0.478477
8.95792	-7.34931e-17	0.39075	0.229386
8.97796	-1.03562e-16	0.354026	-0.350932
8.998	-1.22656e-16	0.381244	2.12072
9.01804	-1.25503e-16	0.504221	5.53588
9.03808	-1.68787e-16	0.499251	4.05344
9.05812	-2.80626e-16	0.233816	-1.08134
9.07816	-3.90669e-16	-0.120634	-4.80369
9.0982	-4.27524e-16	-0.409109	-6.97869
9.11824	-3.94029e-16	-0.63719	-8.86075
9.13828	-3.19456e-16	-0.798633	-9.52809
9.15832	-2.29057e-16	-0.878989	-9.22958
9.17836	-1.51568e-16	-0.914106	-8.80784
9.1984	-1.02142e-16	-0.914727	-7.75977
9.21844	-8.05379e-17	-0.8758	-6.23775
9.23848	-8.75004e-17	-0.821573	-4.84406
9.25852	-1.18572e-16	-0.758123	-3.21521
9.27856	-1.63552e-16	-0.678836	-1.42244
9.2986	-2.17702e-16	-0.599337	0.082547
9.31864	-2.75838e-16	-0.522425	1.60188
9.33868	-3.30455e-16	-0.44056	3.1303
9.35872	-3.79718e-16	-0.364444	4.32087
9.37876	-4.22017e-16	-0.295407	5.4328
9.3988	-4.53718e-16	-0.225853	6.49415
9.41884	-4.75736e-16	-0.163625	7.22403
9.43888	-4.8898e-16	-0.10947	7.85306
9.45892	-4.921e-16	-0.0560738	8.43418
9.47896	-4.87215e-16	-0.00942544	8.73121
9.499	-4.76185e-16	0.029934	8.94645
9.51904	-4.58446e-16	0.0688786	9.14125
9.53908	-4.36121e-16	0.102613	9.10299
9.55912	-4.11001e-16	0.13055	9.00749
9.57916	-3.82505e-16	0.158973	8.92371
9.5992	-3.52296e-16	0.18374	8.65684
9.61924	-3.21687e-16	0.204017	8.35759
9.63928	-2.89724e-16	0.22556	8.09862
9.65932	-2.57538e-16	0.244748	7.69924
9.67936	-2.26145e-16	0.260464	7.28894
9.6994	-1.94368e-16	0.277945	6.9422
9.71944	-1.62837e-16	0.293991	6.48797
9.73948	-1.32294e-16	0.307242	6.0358
9.75952	-1.01656e-16	0.322412	5.66189
9.77956	-7.15323e-17	0.336594	5.20553
9.7996	-4.25898e-17	0.348325	4.7598
9.81964	-1.36887e-17	0.36207	4.40126
9.83968	1.46385e-17	0.375247	3.97915
9.85972	4.15708e-17	0.386246	3.57486
9.87976	6.80157e-17	0.399267	3.26333
9.8998	9.34647e-17	0.411976	2.89573
9.91984	1.17167e-16	0.422512	2.53956
9.93988	1.4002e-16	0.434678	2.27227
9.95992	1.61494e-16	0.446287	1.95388
9.97996	1.80686e-16	0.455344	1.64475
10	1.98394e-16	0.46553	1.42576
